111381
134174
121287
131068
111906
134070
133970
133811
134178
134149
133940
134264
133924
133959
134339
134216
134214
134209
134049
133912
133495
133860
133537
133553
134159
133894
134443
134379
121329
127902
130344
124430
130191
130190
119220
124392
126710
132732
131453
133326
132560
129084
131132
125609
128429
132758
131088
124039
132698
131090
124157
124657
125858
130675
133433
131831
125571
131944
131397
130674
124024
130497
132242
130286
120252
129573
129173
127799
130900
129905
129607
128739
131243
131407
119181
121278
132962
126188
131043
123872
132901
129855